0
1000
-80.0
1
2
-87.84
0.0074621
0.692591
0.692574
0.692477
0.448501
0.692413
0.000194015
0.496116
0.265885
0.00101185
0.999542
0.589579
0.000515567
0.999542
0.641861
2.43015E-9
1.0
0.910671
1.0
0.99982
0.999977
0.00267171
1.0
1.0
8.26608E-6
0.453268
0.270492
0.0001963
0.996801
0.0124065
2.53943E-5
3.17262E-7
7.23
7.23
143.79
143.79
8.54E-5
8.54E-5
1.61
1.56
1
0
0.1
1
200
1
0
0
0
100 600 100 600
-0.2 1.2 -100 60
0.2 30 1 1
1 1
1
-sony-fixed-medium-r-normal--24-170-100-100-c-120-iso8859-1
-212 -460 -40 -288
1
